-1,28489;
-0,884661;
1,02257;
0,672234;
0,825999;
1,70772;
1,37853;
2,6837;
2,32072;
2,53619;
1,45607;
2,45754;
4,08901;
2,82998;
2,37454;
1,71813;
2,21358;
3,07397;
4,97736;
4,54013;
5,15552;
4,33074;
3,24191;
5,99384;
5,19341;
5,7947;
3,9932;
6,88182;
6,58916;
6,17208;
5,13736;
5,91096;
7,44584;
5,98117;
7,13628;
6,1445;
7,72809;
6,36652;
7,94104;
8,07595;
9,4138;
7,51956;
8,10327;
8,17088;
9,24404;
8,3017;
9,28295;
8,21884;
10,0433;
10,1612;
8,87093;
9,33947;
12,0754;
11,9394;
9,94633;
10,9868;
10,4051;
10,659;
13,2856;
12,7953;
10,7363;
12,8893;
13,6442;
12,6116;
11,6903;
11,7798;
12,0276;
13,5554;
14,0001;
15,3592;
15,172;
15,453;
13,5816;
15,1904;
15,9519;
15,489;
14,9577;
16,9781;
15,935;
17,4165;
15,9991;
16,2198;
17,802;
17,1735;
18,4518;
16,4963;
18,8504;
18,2462;
18,222;
18,4955;
17,3007;
17,6245;
17,8844;
17,3594;
17,6249;
18,6931;
18,3841;
20,4554;
19,6144;
20,9016;
