109819
104527
195229
102407
193847
158867
156683
170003
124909
193607
166259
164677
197831
140797
169753
119417
161531
105953
114827
113819
194861
148303
119129
161303
153371
113489
174367
106117
188791
100469
109063
135433
108343
138107
196769
198901
116507
174901
120539
159347
198839
131009
176023
131581
195743
180077
189433
101429
125821
119417
181603
170189
151651
170669
183437
141121
174017
104623
177487
101869
174679
192833
168499
158357
174289
103723
164963
115601
119699
132109
176779
175753
117679
160019
121559
161167
131297
145577
163901
109391
112213
160367
158029
126491
110933
117701
112153
190921
160309
114113
179563
145949
143593
118621
151849
171653
161573
140677
130367
171263
170899
135697
139439
143263
107273
131441
118907
127343
143609
150343
177379
178307
190667
155299
119321
163243
137279
147827
198277
185069
105983
149629
156151
181081
136163
133279
160933
188953
146953
147743
120709
102563
173549
195329
173651
121883
187463
157051
168013
110261
189643
138157
165511
138497
125539
170263
199453
123953
142529
169177
112507
117989
127373
131447
197389
103231
115981
188603
120277
129097
102197
107071
177539
149423
135049
123553
137341
192931
183871
192817
145637
104281
110879
176791
122869
108193
186947
103867
146777
146917
122471
173099
112481
140813
167611
111799
194729
123311
131959
148207
139591
107687
102607
185849
147671
168937
139901
121439
186679
114601
135281
149309
152393
108821
173699
118927
176629
107101
167009
130513
188779
195497
177487
186149
159389
120011
134699
109519
127597
110951
120391
154619
125887
151339
120163
176629
154733
191533
106187
193147
199193
149759
157931
164117
165317
118621
120877
113383
129763
152063
135353
131861
182747
188143
122443
100999
130051
143461
170837
158189
100019
186113
148873
182899
108463
186041
140741
156887
155081
172399
116387
147139
138209
186707
182243
177811
184447
123707
190097
132263
110573
165887
156319
192497
144779
197779
129803
132721
166867
168347
184241
197713
179801
127037
162989
182857
182953
110557
136547
119551
172021
162577
179483
199039
155201
187219
131947
125423
186041
119083
161263
134087
111821
173839
118843
191671
124979
142903
124433
175963
154991
163979
116539
149873
170971
126143
121787
120079
169991
167449
183959
131363
151343
189389
108187
146449
114203
128959
128603
120299
161233
103951
153719
152717
160757
178349
186311
114641
157393
188147
107033
154723
137831
196993
186049
145547
151903
190331
150373
126433
185077
157429
153071
176081
126949
102587
181213
105673
192767
156139
197479
107609
106739
172171
148063
175709
171641
115079
156679
131671
182953
160541
153421
163117
101333
145283
124823
127277
126473
111109
127763
186649
138041
114467
131627
149153
135391
147743
111781
174487
145381
165713
176747
118051
102677
114773
272181
123727
127481
127913
123449
134753
152429
199103
123619
141671
154043
126487
148711
133963
189697
151771
144731
134753
178571
101501
189701
113933
168491
176951
142907
140339
186283
154097
102059
175673
195271
150649
125311
102191
106261
193727
146407
132967
105227
111533
197203
152623
108907
110933
182537
119243
160583
159833
119671
182999
123677
138077
117331
146953
124601
175267
190331
126611
102497
153421
197147
104297
111833
153641
112061
143177
160019
190837
133279
117361
105407
101603
138577
126227
152083
134921
122389
104831
148549
147761
148867
137339
187069
108191
165983
121883
100313
168089
168617
142559
178897
108967
165833
103483
135301
159707
135211
164663
151339
159707
166823
146701
124699
133039
142609
155443
105613
169843
162493
108631
102329
129341
175403
122527
135859
147557
116687
195593
172321
118529
188389
180463
151667
106453
138289
108037
112771
199447
163733
115859
136217
155723
106031
177283
168451
186601
106961
120779
172373
118453
148667
124769
135743
122929
134921
156217
134597
110581
144071
120049
125063
193441
144073
107089
115429
128189
138841
100621
175061
177893
131959
103217
166027
119687
132763
158009
107509
116351
123077
186301
163211
170179
193883
162517
108917
151339
189523
182101
150967
123989
110989
143573
146059
154573
136769
113683
185681
180811
187469
186763
149521
126229
179479
166351
116269
176509
117269
145043
126631
102013
199811
150533
183919
119047
114689
134923
135209
114941
175303
126839
129737
140989
110947
128941
128341
170761
151847
177467
175103
145643
198623
178307
188303
151169
168977
141311
137869
186247
140761
188483
126653
188701
137713
179671
161999
153749
152111
131489
164429
144887
152809
115303
129379
100523
186647
132763
140111
112877
199813
170741
182059
119971
101429
180799
117127
164023
139697
149489
198313
174991
153929
151607
173819
165313
117709
161303
185183
159853
106277
155777
121351
160739
160243
174653
132511
133481
141959
189389
174773
138071
174019
170557
127733
194809
120247
186619
168481
100207
146077
116657
146891
192859
158269
176983
167413
187751
149911
161459
171629
145009
116107
126653
153739
156733
148171
128717
169427
189851
129919
174101
119591
119849
166399
168211
120607
156089
175699
120641
179269
149939
127277
172541
151213
175039
103843
127691
184153
124753
133319
169069
145777
184559
100501
137399
187787
170759
163127
125117
131591
120427
125383
130589
147853
114797
181913
131041
162451
197779
101377
155413
190793
150413
136421
152767
172313
171869
171863
154339
113647
132137
160253
157813
189901
176389
180239
188291
151273
115783
156307
177691
149629
144511
109159
116833
167611
104729
119921
150559
171169
113957
197641
126827
129643
112691
123169
189187
165601
128377
132047
112967
131783
189271
128747
118061
145771
115153
183473
191459
199687
101119
165203
114203
106759
124567
146423
174959
141829
146581
166627
185309
158243
187711
198823
116579
138247
151279
130957
196709
193183
166169
157519
151769
138937
159787
131431
113963
196501
180221
121993
145819
150383
148783
149839
167677
150379
188857
109751
172343
169199
113957
131639
134707
132059
124717
133499
139753
143483
179321
109469
106181
110581
139487
126751
127747
111533
114973
175991
124753
164113
175573
123049
156217
149489
169523
157303
176503
136177
179581
173357
161309
131371
162787
110753
167449
104803
107761
108869
189733
187067
120919
102149
162119
188711
189733
112843
190387
138163
108883
154213
144659
160217
189961
118409
131023
125887
175853
129557
108887
133781
143249
134699
195329
115853
145987
178469
127817
175979
134243
151171
123113
106109
132331
123829
121963
147089
112501
162451
120193
140237
139703
154267
136373
102701
123031
198637
139891
163417
112559
128213
158269
106219
136811
190147
179099
144103
156217
147617
116803
133967
179051
128819
113167
198017
172331
100801
139837
181609
133261
186479
148207
180779
182339
186841
126211
160739
118399
110237
198413
113359
146647
199721
199777
192319
190121
153287
192757
107243
137633
151051
120577
129289
192637
107377
138163
162439
152809
145063
165589
112657
177797
173729
105613
108553
127297
192757
184231
151477
153611
118589
117331
102023
181303
101021
127247
102299
192949
189479
168211
144659
188983
103099
189421
106217
100517
