109589
111431
161047
116819
191027
167887
109519
119191
189257
184517
176677
150929
108587
142591
154871
140227
112909
120737
192431
140551
143653
153941
167621
187127
183979
117281
131113
164363
102871
111533
129719
114691
180547
184337
151189
148243
188273
123127
169553
121937
127973
184823
184157
156823
156421
195343
154373
170953
156707
163567
111187
100297
171007
167309
177323
192617
100313
136013
185959
131479
114827
145661
166847
197147
192407
134443
120199
130477
113657
169199
103093
141767
159349
130003
165541
137303
183809
157219
171697
173491
137399
190657
158209
113963
100267
152197
144829
180701
140269
147419
191977
190523
115363
194569
161387
138209
108949
137623
102533
107069
158047
122033
151687
164071
129901
149563
110323
170689
143113
181459
140053
176531
145303
183343
176857
114419
119299
133157
139753
124351
159469
168617
125407
134947
146369
114649
127037
156119
199811
174101
156307
125113
128099
193891
183979
158351
152519
187091
110939
167483
176221
131381
171439
194749
146893
129001
194057
156253
132299
100391
126233
101581
168037
149027
178403
155671
146291
159629
181243
181789
147481
127843
199657
129011
123593
191099
159589
181277
155209
170267
146359
116089
145349
158941
160781
146141
114343
101771
151379
182089
147107
166273
163223
174017
100937
116269
145361
157037
186037
179033
145799
121067
132283
170179
179381
157229
140593
106411
155731
111781
170413
123737
101789
117701
192013
129277
138661
155731
132499
196993
187843
135829
167009
141403
124783
110863
177347
191353
199739
119297
112253
153137
120709
196717
117991
104723
140983
172721
180547
165367
115657
115657
115603
176753
182969
150089
169217
183829
111271
142403
164267
178307
143743
159833
190159
130483
160441
174367
123547
110273
144577
155201
157513
113329
117883
133391
192817
192173
106331
194813
148021
161093
123407
172607
122891
172021
155291
125669
127139
187181
197753
111229
195931
142433
157747
109619
109891
142039
144167
151609
169553
114001
153511
146369
189617
130073
164701
153997
130099
126851
127481
185483
144427
110503
122701
138587
111217
147793
127289
131023
129631
109831
104053
199489
198017
163321
171937
106397
134053
181609
135347
197539
139681
128837
131707
187193
158611
162563
165173
165553
100703
180161
135721
184007
175543
114419
189653
184901
112097
119687
182047
168541
107903
188147
149899
121189
156119
136727
113567
115237
156733
147139
198437
187373
155167
186799
159787
176509
113437
154057
127081
198941
176573
145549
166289
133403
122033
180233
185569
185123
152809
124793
198503
115831
124231
192259
142217
196831
133967
126601
124673
167683
186227
163627
191801
195271
140909
123007
115319
118903
104971
172829
173039
169823
147083
104311
167873
183023
109519
119813
177109
110069
147811
188407
179203
184259
120077
167879
191833
138821
107197
119929
152389
119771
124541
130337
180097
188311
136481
169427
107351
185243
180241
181001
120713
191353
177109
139313
175919
175229
118967
139423
116797
134417
133519
166909
194471
151339
158329
185831
122011
168323
155773
199313
120623
112031
161137
151573
141793
129593
147761
151667
103549
189139
192097
126923
163679
189017
144299
123049
129293
148723
165667
132533
170777
110543
142019
166099
146011
129527
180053
191677
144203
117499
167449
150707
184669
180569
109279
127663
113417
188159
123973
102653
113327
110933
186859
164387
139303
184627
123601
139187
154303
157109
140867
124529
110909
121447
182711
133633
123787
106187
148123
154769
164443
196159
193937
158407
167663
186161
156151
181757
181721
144481
161233
165883
104711
164051
126271
151339
141221
194869
103123
178333
101021
138893
140869
117721
193649
138107
186727
184669
111053
172321
194027
113497
112571
118043
129841
100069
107927
154747
125821
113149
101751
134293
149561
140831
183479
130099
163979
108041
162601
116923
164249
133321
138157
139021
112121
117779
176797
102829
151243
139589
136397
160231
170299
112807
114161
126757
127807
139703
102197
162677
160423
143569
194771
175327
190613
153077
134917
130223
125683
157637
127363
284157
128621
108923
101917
160651
119891
148549
136883
101533
121951
162257
169129
167317
188843
189797
193741
114913
106663
139891
100957
171923
131581
128833
142097
122167
177511
107897
170921
181361
114113
187639
112429
117881
115303
135899
173819
167677
147331
139831
173917
152077
151813
199751
179281
189997
121763
154279
189887
111323
141551
112481
153947
159223
132527
179407
152941
142151
168541
141937
140321
181553
189151
162473
176123
117619
143879
142907
103067
111959
104149
130657
187921
177967
119233
109541
167711
107137
181943
189599
106273
113731
140207
190807
164357
162293
148091
128321
111893
154423
129049
113063
110711
171811
108751
142789
151537
177647
101197
155209
131771
193891
195739
183059
144253
105023
132439
161773
113041
163249
138139
109567
170759
103567
175229
126493
162677
169957
163841
144983
171233
113011
186097
105767
165617
114077
111659
132383
166183
176597
174571
122267
100511
119131
124343
152809
123619
146291
126067
159899
125669
118619
137699
124979
108179
146609
142099
148139
114221
104231
108377
194083
109363
117899
160367
101921
116123
105817
280871
130699
107981
130987
169067
150301
169657
107671
113111
191161
130477
147703
182957
184649
117023
140593
141907
126851
125527
125029
107599
139991
134047
175759
133559
198613
114329
108359
197159
115861
118411
142757
104491
162593
130409
169957
144589
140983
169859
136421
128657
116579
189697
121921
123307
100769
108463
112459
190889
151507
116009
181871
131221
187393
192847
175829
128941
197221
122201
140443
182239
195353
189463
173617
117163
183247
128657
156139
185051
197009
101807
128659
152563
165667
140797
177013
160483
150979
136943
103553
166541
101863
189479
123007
172283
124739
158141
112939
148517
187163
157271
194839
133981
147661
101141
138433
190871
118093
171529
190283
128629
183959
179633
195733
151597
109321
117839
146603
198197
138863
172607
169241
199933
100279
122099
117721
148013
170197
144061
106029
126013
195893
178987
149069
167627
155251
176983
199819
183581
177883
118543
136013
157897
125407
120677
177677
121853
136769
194819
165049
187927
133327
131797
179351
112163
120383
108139
153359
181409
184111
121447
117499
169913
161977
148783
149323
102217
186601
111253
132989
191461
120577
122789
193993
105967
100981
159097
107347
157207
110221
121761
101963
118787
136559
163199
155003
104717
176489
191249
198223
191497
155209
143509
151813
172093
140929
138101
114691
232151
154333
117959
137507
138079
119569
145823
156823
108301
198313
110573
169627
171271
169831
159013
187139
183661
164653
182627
100787
173359
199567
193723
138577
106033
134909
155219
194203
195427
152539
109891
147557
185947
171103
179461
194309
191057
181751
142949
112643
103903
110569
151909
158029
191249
150881
176347
106349
113189
180307
108708
118189
179969
171053
188863
117541
141653
163621
156797
174241
177887
165569
183527
185527
159463
180247
156899
116969
160163
179687
184441
152029
184837
185177
122209
123817
159499
137867
149894
105503
