109717
159167
139313
127819
190793
162517
119921
131363
176459
149491
194569
107251
139619
123677
121967
147547
120283
163841
165559
104827
114479
164953
160159
191977
141629
176819
179119
109229
163981
131009
170167
144941
107609
127711
149309
135029
198593
148721
126631
151909
133543
132439
164809
134243
155783
166679
162251
120997
120557
188519
101183
129341
133559
113159
185749
128321
153557
165527
121351
120511
154871
125803
148991
194239
142591
114593
157303
104879
117539
158909
160879
132721
128717
145771
127081
173543
124367
144917
190699
190709
163003
167873
184913
135887
194017
148829
170509
116443
114343
179527
169343
180751
106273
170707
182537
111493
156677
194827
106453
114973
140897
105527
153641
113909
157799
124291
159589
143113
191461
116827
135581
102913
145021
106189
164011
176819
140813
105683
162289
143261
183503
103613
172279
107981
110017
118973
121883
132707
166601
176237
123209
122041
126493
147949
122027
179951
142837
147029
192271
147779
132611
157291
102539
174721
107323
132257
118529
171179
106501
124139
138661
145949
175757
189271
194683
188333
115763
105563
127867
130307
118691
174907
164683
150533
144439
178223
180749
162007
155383
106033
115471
119869
141307
178691
162493
100169
164953
100003
125597
188281
181081
137633
165883
186761
157133
105407
131711
117991
132283
164831
101771
108497
156733
115831
192499
113177
152899
172759
182089
111049
106903
129793
124633
192461
178877
139753
179437
150901
107053
106357
104537
153287
176321
198673
130079
125627
145531
100829
116189
110477
199399
156511
127637
128993
186271
126233
110323
151651
102079
146213
155231
174829
156979
112787
153247
161839
122753
102433
113963
128599
188869
132421
175843
126913
156061
168533
119489
144569
145433
101663
111467
142591
120899
172687
103123
199037
120077
119107
173839
149803
107507
197341
100469
189599
136601
172859
160757
143177
156487
184711
177011
164093
117259
151523
175663
178903
142697
112459
183593
124543
140557
191473
101833
107209
106681
144163
125711
165317
101149
144757
197539
175781
136099
185833
182309
142421
108271
111121
128693
152981
167329
197807
165449
175709
113131
103591
134039
155413
190921
108041
197137
145777
194767
194717
145361
145031
131671
107473
148157
110821
160357
123727
158243
182617
103813
110731
176333
163991
109541
106703
116681
167009
158269
128519
140741
189983
187409
173743
100669
141971
109847
124777
100927
113123
111539
199811
177743
199799
168901
191461
128237
193003
179437
148633
133379
106649
157907
144583
116411
128257
147401
179659
181283
186377
158881
138641
141221
178897
150989
157211
176333
146381
189377
139969
134341
121507
100811
176459
119447
146933
141311
167711
180347
182509
181457
197971
123229
120223
134291
161027*
160969
156421
140167
131293
106297
190367
116797
149969
101879
159857
106189
117757
163171
190471
122891
161921
152197
101323
142979
129491
103769
155167
107609
125299
185893
145531
116791
132833
149563
178207
174907
125471
110221
165799
142589
101833
196247
123727
115793
192991
120563
185789
145987
189713
171427
176977
148471
154849
147319
112291
111049
148013
134503
102829
175447
163883
162563
131779
116387
116387
117209
191227
142057
185599
113159
102913
119069
117101
166301
102079
157823
187073
103681
158329
167899
149333
101009
136163
183247
148399
130469
112691
167971
133321
161341
152953
136303
187951
137737
151289
132893
142543
159073
150707
188303
103843
157991
129113
149257
159569
115469
101737
182999
129127
177379
100213
101383
147197
126227
194911
104527
197651
168353
161831
103319
164837
108529
102253
108533
181603
145759
123017
123031
140659
149197
120017
187639
122701
138101
122597
148829
116539
154681
123619
114601
130693
183959
125113
189529
199721
100801
111347
185539
160789
160169
134999
127643
117431
175277
146933
112979
162683
144541
150211
118669
133843
146099
135671
102437
119851
131501
135479
189067
159013
102931
155303
152947
188677
169177
134363
191141
186653
108877
146407
106993
182999
176191
148991
124139
142787
115769
192617
191071
146843
151471
125261
108887
117977
144757
122321
164881
146513
116279
162413
113489
127487
182593
172853
106349
136379
174481
133853
111063*
151357
137743
125777
148933
125821
177943
104417
187787
123203
150373
113173
181141
190207
170633
135533
122693
109721
155707
184559
114749
114377
104003
151937
106699
146603
110273
185131
101141
170447
142979
137597
100151
136573
133769
117703
178831
165559
101273
155579
178933
119699
111509
157571
129841
119563
195599
154841
179657
188693
140837
189257
122273
164771
188443
151813
179351
163003
120587
121787
162839
174257
146609
165437
173933
124153
149561
162413
133597
102107
197551
178951
199357
188323
182687
149909
182099
179833
198073
171583
110459
141649
173807
121997
186469
152441
100403
155009
151603
161059
171529
123059
136099
109721
156799
185903
179003*
121439
138577
169607
110569
145687
180211
136547
125407
177511
128339
131749
168227
141769
152959
163883
153409
189799
127807
135851
134207
100019
188939
103919
141041
151279
155083
112291
123631
177239
174121
150011
116539
179603
101279
145391
181863*
106451
130631
183683
199321
108967
125329
139409
146141
127607
187127
110527
198829
196543
101203
100151
124477
111229
107687
149839
160639
104471
179209
149119
199453
191281
121579
125399
181603
140171
110221
104953
175543
179269
154439
185681
184559
152791
160739
149269
141853
138727
188857
101281
182179
109471
104417
107347
103981
153911
164911
124471
111773
100591
198097
188351
178481
176161
188779
159707
198977
124337
130079
140281
169531
137279
178187
134129
175411
136849
126199
186889
160583
145661
110777
147457
176213
165103
191143
106321
118037
125429
104287
121853
120691
170701
191899
187897
194809
153077
140939
167777
185959
132347
193283
146977
123127
131317
106187
187573
102953
133631
181997
135841
113131
120763
182159
117331
137587
162779
157867
138629
159157
185849
141907
152837
167047
147787
170827
126859
150001
176791
138637
123853
151573
191657
150767
139597
138797
135367
167177
143509
188861
151477
166409
120569
159469
167861
151771
137597
157207
169493
103643
149057
146617
125963
178261
105883
151471
119611
172021
126499
104551
166843
156703
192781
184609
155731
189877
169241
105619
119677
157627
197573
150379
104707
114847
139109
147137
144037
103969
152197
191699
136879
190523
123203
156467
114299
123619
179989
108877
186397
126949
103067
181513
168781
160651
175453
145009
112327
130633
117841
198963*
197647
136657
129641
181277
155657
125339
108499
153947
176081
118399
120383
114269
126001
113957
189377
131519
105971
153443
157049
173969
172709
176201
149287
113117
174767
195751
108893
127819
165437
148961
103951
188401
190649
147311
133813
185947
134089
187687
108193
144917
141833
158591
110419
152459
174931
197971
158201
165181
117331
137437
113063
164341
140639
152657
143249
106591
192113
124759
141829
130489
178571
124721
135469
117437
147083
136897
185477
136373
179119
148763
188351
140009
151343
121727
141161
120391
133801
127637
145501
197101
175673
199931
114281
